38,9
38,8
27,4
44,35
3,1
3,3
10,261
10,298
10,245
10,128
10,4
10,97
10,65
11,28
11,20
8,7
8,9
8,10
8,4
8,2
8,3
38,10
38,7
38,6
38,5
38,4
38,3
38,2
38,1
38,0
34,4
34,3
34,2
34,1
34,0
32,4
32,3
32,1
27,3
27,1
20,3
20,2
20,1
19,3
19,2
19,1
18,3
18,1
12,3
12,2
12,1
11,30
11,29
11,26
11,25
11,24
11,23
14,1
11,22
11,21
11,19
14,3
13,1
11,18
11,17
13,3
11,16
11,15
11,12
11,10
11,9
11,7
11,4
11,3
11,2
11,1
10,300
10,290
10,287
10,284
10,281
10,279
10,264
10,262
10,259
10,251
10,249
10,233
10,219
10,212
10,200
10,186
10,182
10,159
10,158
10,141
10,139
10,134
10,133
10,115
10,112
10,108
10,78
10,34
10,23
10,20
10,13
10,12
10,3
10,2
